___________________________________________
better score: score: 0
[[2. 1. 0.]
 [0. 0. 0.]
 [0. 0. 0.]]

better score: score: 1
[[2. 0. 1.]
 [0. 0. 0.]
 [0. 0. 0.]]

score: 0
[[2. 0. 0.]
 [1. 0. 0.]
 [0. 0. 0.]]

better score: score: 2
[[2. 0. 0.]
 [0. 1. 0.]
 [0. 0. 0.]]

score: 1
[[2. 0. 0.]
 [0. 0. 1.]
 [0. 0. 0.]]

score: 1
[[2. 0. 0.]
 [0. 0. 0.]
 [1. 0. 0.]]

score: 1
[[2. 0. 0.]
 [0. 0. 0.]
 [0. 1. 0.]]

score: 1
[[2. 0. 0.]
 [0. 0. 0.]
 [0. 0. 1.]]

___________________________________________
better score: score: 2
[[2. 1. 0.]
 [0. 1. 0.]
 [0. 0. 2.]]

score: 2
[[2. 0. 1.]
 [0. 1. 0.]
 [0. 0. 2.]]

score: 2
[[2. 0. 0.]
 [1. 1. 0.]
 [0. 0. 2.]]

score: 2
[[2. 0. 0.]
 [0. 1. 1.]
 [0. 0. 2.]]

score: 2
[[2. 0. 0.]
 [0. 1. 0.]
 [1. 0. 2.]]

score: 2
[[2. 0. 0.]
 [0. 1. 0.]
 [0. 1. 2.]]

___________________________________________
score: -10
[[2. 1. 2.]
 [1. 1. 0.]
 [0. 0. 2.]]

better score: score: 1
[[2. 1. 2.]
 [0. 1. 1.]
 [0. 0. 2.]]

score: -10
[[2. 1. 2.]
 [0. 1. 0.]
 [1. 0. 2.]]

better score: score: 10
[[2. 1. 2.]
 [0. 1. 0.]
 [0. 1. 2.]]

